{
 "cells": [
  {
   "cell_type": "code",
   "execution_count": 10,
   "metadata": {
    "collapsed": true
   },
   "outputs": [],
   "source": [
    "import numpy as np\n",
    "import time"
   ]
  },
  {
   "cell_type": "code",
   "execution_count": 14,
   "metadata": {
    "collapsed": true
   },
   "outputs": [],
   "source": [
    "def computeInterCluster(R):\n",
    "    iloczynySkalarne = -2*np.dot(R.T, R)\n",
    "    kwadratyDlugosci = np.sum(R**2, axis=0, keepdims=True)\n",
    "    iloczynySkalarne += kwadratyDlugosci\n",
    "    iloczynySkalarne += kwadratyDlugosci.T\n",
    "\n",
    "    return iloczynySkalarne\n",
    "\n",
    "def computeIntraClusterDistances(data, C, R, I, K, N):\n",
    "    swojeCentra = np.take(R, C, axis=1)\n",
    "    swojeCentra -= data\n",
    "    swojeCentra **= 2\n",
    "\n",
    "    intraClusterDistances = np.sqrt(np.sum(swojeCentra, axis=0, keepdims=True))\n",
    "\n",
    "    liczebnosc = np.zeros(K)\n",
    "    intraAvg = np.zeros(K)\n",
    "    intraMax = np.zeros(K)\n",
    "    \n",
    "    for i in range(N):\n",
    "        intraAvg[C[i]] += intraClusterDistances[0][i]\n",
    "        intraMax[C[i]] = max(intraClusterDistances[0][i], intraMax[C[i]])\n",
    "        liczebnosc[C[i]] += 1\n",
    "    \n",
    "    intraAvg /= np.maximum(liczebnosc, 1)\n",
    "    \n",
    "    return (intraAvg, intraMax)\n",
    "        \n",
    "    \n",
    "\n",
    "def KMeans(K, data, printInfo=False):\n",
    "    d = np.size(data, axis=0)\n",
    "    N = np.size(data, axis=1)\n",
    "    I = np.eye(K)\n",
    "    \n",
    "    #Centra grup (losowe wektory z danych)\n",
    "    #R = np.take(data, np.random.choice(np.arange(0,N), K, replace=False), axis=1)\n",
    "    R = np.empty([d,K])\n",
    "    choices = np.random.choice(np.arange(0,N), K, replace=False)\n",
    "    for i in range(K):\n",
    "        R[:,i] = data[:, choices[i]]\n",
    "    #Przynależnosc do grupy (na poczatku wszyscy do zero)\n",
    "    C = np.zeros((1,N), dtype=np.int64)\n",
    "    macierPrzynaleznosci = None\n",
    "\n",
    "    iteration = 0\n",
    "    groupsChanged = True\n",
    "    while groupsChanged:\n",
    "        iteration += 1\n",
    "        #Interesuje nas minimalna wartość <r,r> -2<u,r>, gdzie u to wektor z danych a r to jakies centrum\n",
    "        iloczynySkalarne = -2. * np.dot(data.T, R)\n",
    "        R**=2\n",
    "        kwadratyDlugosciR = np.sum(R, axis=0, keepdims=True)\n",
    "        iloczynySkalarne += kwadratyDlugosciR\n",
    "\n",
    "        #Dla kazdego wektora z danych wybieramy najblizszy wektor z R i aktualizujemy grupy\n",
    "        newC = np.argmin(iloczynySkalarne, axis=1)\n",
    "        groupsChanged = not np.array_equal(C, newC)\n",
    "        C = newC\n",
    "\n",
    "        #Obliczamy srodki ciezkosci dla kazdej grupy\n",
    "        macierzPrzynaleznosci = np.take(I, C, axis=0)\n",
    "        #Sumy danych w każdej z grup\n",
    "        R = np.dot(data, macierzPrzynaleznosci)\n",
    "        liczebnosciGrup = np.maximum(np.sum(macierzPrzynaleznosci, axis=0, keepdims=True), 1)\n",
    "        R /= liczebnosciGrup\n",
    "\n",
    "    #Liczymy wielkosci grup, odleglosci miedzy grupami, srednie i najwieksze odleglosci w grupach\n",
    "    groupSizes = np.sum(macierzPrzynaleznosci, axis=0).astype(np.int64)\n",
    "    interCluster = computeInterCluster(R)\n",
    "    intraClusterAvg, intraClusterMax = computeIntraClusterDistances(data, C, R, I, K, N)\n",
    "    \n",
    "    if printInfo:\n",
    "        print(\"Iterations:\", iteration, \"\\n\")\n",
    "        print(\"Group sizes:\\n\", groupSizes, \"\\n\")\n",
    "        print(\"Inter cluster distances:\")\n",
    "        print(interCluster, \"\\n\")\n",
    "        print(\"Intra cluster average distance to center\\n\", intraClusterAvg, \"\\n\")\n",
    "        print(\"Intra cluster maximum distance to center\\n\", intraClusterMax, \"\\n\")\n",
    "    \n",
    "    return (C, R, interCluster, intraClusterAvg, intraClusterMax)"
   ]
  },
  {
   "cell_type": "code",
   "execution_count": 15,
   "metadata": {
    "collapsed": false
   },
   "outputs": [],
   "source": [
    "#Wczytujemy wszystkie transakcje do listy\n",
    "transactions = [[int(id) for id in line.split()] for line in open(\"kosarak.dat\")]"
   ]
  },
  {
   "cell_type": "code",
   "execution_count": 16,
   "metadata": {
    "collapsed": false
   },
   "outputs": [],
   "source": [
    "occurences = {}\n",
    "\n",
    "for i in range(len(transactions)):\n",
    "    for j in range(len(transactions[i])):\n",
    "        if not transactions[i][j] in occurences:\n",
    "            occurences[transactions[i][j]] = 0\n",
    "        occurences[transactions[i][j]] += 1\n",
    "        \n",
    "mostPopular = sorted(occurences, key=occurences.__getitem__, reverse=True)"
   ]
  },
  {
   "cell_type": "code",
   "execution_count": 32,
   "metadata": {
    "collapsed": false
   },
   "outputs": [],
   "source": [
    "def getDataForTMostPopular(transactions, mostPopular, occurences, T):\n",
    "    order = {mostPopular[i] : i for i in range(T)}\n",
    "    \n",
    "    p = np.zeros((T,T))\n",
    "    \n",
    "    for i in range(len(transactions)):\n",
    "        fromTMostPop = [order[id] for id in transactions[i] if id in order]\n",
    "        for j in fromTMostPop:\n",
    "            for k in fromTMostPop:\n",
    "                p[j][k] += 1 if j != k else 0\n",
    "    \n",
    "    for id, orderPos in order.items():\n",
    "        p[orderPos][orderPos] = occurences[id]\n",
    "    \n",
    "    return p, order"
   ]
  },
  {
   "cell_type": "code",
   "execution_count": 34,
   "metadata": {
    "collapsed": false
   },
   "outputs": [
    {
     "name": "stdout",
     "output_type": "stream",
     "text": [
      "Data generated\n"
     ]
    }
   ],
   "source": [
    "T = 1000\n",
    "data, order = getDataForTMostPopular(transactions, mostPopular, occurences, T)\n",
    "data = data.T\n",
    "print(\"Data generated\")"
   ]
  },
  {
   "cell_type": "markdown",
   "metadata": {},
   "source": [
    "# T = 1000"
   ]
  },
  {
   "cell_type": "markdown",
   "metadata": {},
   "source": [
    "## Mała liczba grup - 4\n",
    "Wyodrębniają się 2 grupy: 3 i 5"
   ]
  },
  {
   "cell_type": "code",
   "execution_count": 35,
   "metadata": {
    "collapsed": false
   },
   "outputs": [
    {
     "name": "stdout",
     "output_type": "stream",
     "text": [
      "Iterations: 24 \n",
      "\n",
      "Group sizes:\n",
      " [953  39   3   5] \n",
      "\n",
      "Inter cluster distances:\n",
      "[[  1.63912773e-07   9.24731657e+08   3.55341197e+11   2.32014400e+10]\n",
      " [  9.24731657e+08   3.33786011e-06   3.23344629e+11   1.52949539e+10]\n",
      " [  3.55341197e+11   3.23344629e+11  -7.44628906e-03   2.17669041e+11]\n",
      " [  2.32014400e+10   1.52949539e+10   2.17669041e+11   6.86645508e-05]] \n",
      "\n",
      "Intra cluster average distance to center\n",
      " [   5291.21044941   26925.35782938  211834.28539285   89036.9394518 ] \n",
      "\n",
      "Intra cluster maximum distance to center\n",
      " [  28290.48440561   84505.96533093  246199.8386079   157325.97995436] \n",
      "\n"
     ]
    }
   ],
   "source": [
    "groups, centers, interCluster, intraClusterAvg, intraClusterMax = KMeans(4, data, printInfo=True)"
   ]
  },
  {
   "cell_type": "markdown",
   "metadata": {},
   "source": [
    "## Mała liczba grup - 5\n",
    "Dalej mamy 3 i 5"
   ]
  },
  {
   "cell_type": "code",
   "execution_count": 36,
   "metadata": {
    "collapsed": false
   },
   "outputs": [
    {
     "name": "stdout",
     "output_type": "stream",
     "text": [
      "Iterations: 24 \n",
      "\n",
      "Group sizes:\n",
      " [ 39   3 952   5   1] \n",
      "\n",
      "Inter cluster distances:\n",
      "[[  3.33786011e-06   3.23344629e+11   9.24654844e+08   1.52949539e+10\n",
      "    1.05002727e+09]\n",
      " [  3.23344629e+11  -7.44628906e-03   3.55341473e+11   2.17669041e+11\n",
      "    3.55130535e+11]\n",
      " [  9.24654844e+08   3.55341473e+11  -1.49011612e-08   2.32011234e+10\n",
      "    5.22245318e+07]\n",
      " [  1.52949539e+10   2.17669041e+11   2.32011234e+10   6.86645508e-05\n",
      "    2.35549809e+10]\n",
      " [  1.05002727e+09   3.55130535e+11   5.22245318e+07   2.35549809e+10\n",
      "    0.00000000e+00]] \n",
      "\n",
      "Intra cluster average distance to center\n",
      " [  26925.35782938  211834.28539285    5289.55686427   89036.9394518\n",
      "       0.        ] \n",
      "\n",
      "Intra cluster maximum distance to center\n",
      " [  84505.96533093  246199.8386079    28291.36344979  157325.97995436\n",
      "       0.        ] \n",
      "\n"
     ]
    }
   ],
   "source": [
    "groups, centers, interCluster, intraClusterAvg, intraClusterMax = KMeans(5, data, printInfo=True)"
   ]
  },
  {
   "cell_type": "code",
   "execution_count": 39,
   "metadata": {
    "collapsed": false,
    "scrolled": false
   },
   "outputs": [
    {
     "name": "stdout",
     "output_type": "stream",
     "text": [
      "Iterations: 22 \n",
      "\n",
      "Group sizes:\n",
      " [ 39  16   5  34  22   3 342 101  24 414] \n",
      "\n",
      "Inter cluster distances:\n",
      "[[  3.57627869e-07   3.05856190e+08   1.91317277e+10   1.67746229e+08\n",
      "    6.99857396e+08   3.41022284e+11   2.79059644e+08   1.16762166e+08\n",
      "    2.90379139e+08   3.99145802e+08]\n",
      " [  3.05856190e+08   0.00000000e+00   2.27325920e+10   1.33095270e+08\n",
      "    1.45383529e+09   3.53528291e+11   1.02155596e+08   1.13625974e+08\n",
      "    1.90918071e+08   1.26563219e+08]\n",
      " [  1.91317277e+10   2.27325920e+10   6.86645508e-05   2.12954295e+10\n",
      "    1.35708075e+10   2.17669041e+11   2.32791144e+10   2.18298260e+10\n",
      "    2.15376247e+10   2.39475515e+10]\n",
      " [  1.67746229e+08   1.33095270e+08   2.12954295e+10  -1.19209290e-07\n",
      "    1.01954073e+09   3.47474224e+11   6.21326635e+07   4.69017764e+07\n",
      "    7.39676185e+07   9.18923988e+07]\n",
      " [  6.99857396e+08   1.45383529e+09   1.35708075e+10   1.01954073e+09\n",
      "   -1.28746033e-05   3.14110311e+11   1.52223199e+09   1.19436027e+09\n",
      "    1.15610301e+09   1.68961604e+09]\n",
      " [  3.41022284e+11   3.53528291e+11   2.17669041e+11   3.47474224e+11\n",
      "    3.14110311e+11  -9.27734375e-03   3.55778718e+11   3.50909818e+11\n",
      "    3.49459218e+11   3.57697922e+11]\n",
      " [  2.79059644e+08   1.02155596e+08   2.32791144e+10   6.21326635e+07\n",
      "    1.52223199e+09   3.55778718e+11   1.49011612e-08   3.75006480e+07\n",
      "    1.10435608e+08   1.30147066e+07]\n",
      " [  1.16762166e+08   1.13625974e+08   2.18298260e+10   4.69017764e+07\n",
      "    1.19436027e+09   3.50909818e+11   3.75006480e+07  -1.25169754e-06\n",
      "    1.22830660e+08   9.21732340e+07]\n",
      " [  2.90379139e+08   1.90918071e+08   2.15376247e+10   7.39676185e+07\n",
      "    1.15610301e+09   3.49459218e+11   1.10435608e+08   1.22830660e+08\n",
      "    3.45706940e-06   1.18856781e+08]\n",
      " [  3.99145802e+08   1.26563219e+08   2.39475515e+10   9.18923988e+07\n",
      "    1.68961604e+09   3.57697922e+11   1.30147066e+07   9.21732340e+07\n",
      "    1.18856781e+08   1.49011612e-08]] \n",
      "\n",
      "Intra cluster average distance to center\n",
      " [  10911.521329      2646.75536389   89036.9394518     9448.13072519\n",
      "   32850.18711527  211834.28539285    3425.68779757    5661.07062505\n",
      "    8293.21818914    2967.48330635] \n",
      "\n",
      "Intra cluster maximum distance to center\n",
      " [  20741.02578871    5279.4881647   157325.97995436   24875.85056876\n",
      "   79749.85723419  246199.8386079     7836.80515657   12250.70799327\n",
      "   20738.68832871    8940.57217963] \n",
      "\n"
     ]
    }
   ],
   "source": [
    "groups, centers, interCluster, intraClusterAvg, intraClusterMax = KMeans(10, data, printInfo=True)"
   ]
  },
  {
   "cell_type": "code",
   "execution_count": 40,
   "metadata": {
    "collapsed": false,
    "scrolled": false
   },
   "outputs": [
    {
     "name": "stdout",
     "output_type": "stream",
     "text": [
      "Iterations: 58 \n",
      "\n",
      "Group sizes:\n",
      " [  7 104  11 357  81  17 232  26   5  16  70  24  12   3  35] \n",
      "\n",
      "Inter cluster distances:\n",
      "[[ -3.81469727e-06   3.73395062e+09   3.55363216e+09   3.52583160e+09\n",
      "    2.90396201e+09   3.57534638e+09   3.29464490e+09   2.51753214e+09\n",
      "    1.08057253e+10   1.18592501e+09   3.53344157e+09   3.05924854e+09\n",
      "    1.75780422e+09   2.95224032e+11   2.36106351e+09]\n",
      " [  3.73395062e+09  -6.51925802e-09   3.37771285e+07   1.08987377e+07\n",
      "    1.38981902e+08   3.87702466e+07   4.14272051e+07   1.47421790e+08\n",
      "    2.43689381e+10   1.14965152e+09   7.63851362e+06   6.98549850e+07\n",
      "    6.97337072e+08   3.58791977e+11   4.22592230e+08]\n",
      " [  3.55363216e+09   3.37771285e+07  -1.49011612e-08   2.51232824e+07\n",
      "    1.03219015e+08   3.59237374e+07   3.67482826e+07   1.25031440e+08\n",
      "    2.36911100e+10   1.01134273e+09   3.25175715e+07   7.52369766e+07\n",
      "    6.39280290e+08   3.57199443e+11   3.34978408e+08]\n",
      " [  3.52583160e+09   1.08987377e+07   2.51232824e+07  -1.49011612e-08\n",
      "    7.48222137e+07   3.27537826e+07   1.05872800e+07   1.00252259e+08\n",
      "    2.37247221e+10   9.84426720e+08   9.91814710e+06   5.26036025e+07\n",
      "    6.15971250e+08   3.57136047e+11   3.06004152e+08]\n",
      " [  2.90396201e+09   1.38981902e+08   1.03219015e+08   7.48222137e+07\n",
      "    2.98023224e-07   1.17028416e+08   3.00503091e+07   5.37659390e+07\n",
      "    2.17171942e+10   5.94114143e+08   1.12926466e+08   9.47052037e+07\n",
      "    4.44900440e+08   3.50504260e+11   8.14576451e+07]\n",
      " [  3.57534638e+09   3.87702466e+07   3.59237374e+07   3.27537826e+07\n",
      "    1.17028416e+08   0.00000000e+00   4.66688572e+07   1.35022878e+08\n",
      "    2.37448906e+10   1.03214919e+09   3.84171689e+07   8.29194466e+07\n",
      "    6.52449676e+08   3.57309535e+11   3.54146138e+08]\n",
      " [  3.29464490e+09   4.14272051e+07   3.67482826e+07   1.05872800e+07\n",
      "    3.00503091e+07   4.66688572e+07  -1.04308128e-07   6.87927721e+07\n",
      "    2.29972883e+10   8.29185953e+08   3.15188724e+07   5.27386294e+07\n",
      "    5.41345645e+08   3.54833602e+11   2.05875835e+08]\n",
      " [  2.51753214e+09   1.47421790e+08   1.25031440e+08   1.00252259e+08\n",
      "    5.37659390e+07   1.35022878e+08   6.87927721e+07  -3.57627869e-07\n",
      "    2.09981475e+10   4.97656334e+08   1.12798861e+08   6.82398718e+07\n",
      "    3.17598100e+08   3.46240057e+11   1.49997987e+08]\n",
      " [  1.08057253e+10   2.43689381e+10   2.36911100e+10   2.37247221e+10\n",
      "    2.17171942e+10   2.37448906e+10   2.29972883e+10   2.09981475e+10\n",
      "    6.86645508e-05   1.57293744e+10   2.37616358e+10   2.23477154e+10\n",
      "    1.78093471e+10   2.17669041e+11   1.96549761e+10]\n",
      " [  1.18592501e+09   1.14965152e+09   1.01134273e+09   9.84426720e+08\n",
      "    5.94114143e+08   1.03214919e+09   8.29185953e+08   4.97656334e+08\n",
      "    1.57293744e+10   0.00000000e+00   1.04107797e+09   8.11595373e+08\n",
      "    4.08725584e+08   3.25702252e+11   3.27212851e+08]\n",
      " [  3.53344157e+09   7.63851362e+06   3.25175715e+07   9.91814710e+06\n",
      "    1.12926466e+08   3.84171689e+07   3.15188724e+07   1.12798861e+08\n",
      "    2.37616358e+10   1.04107797e+09  -2.98023224e-08   3.26720945e+07\n",
      "    5.72198679e+08   3.57023136e+11   3.69462942e+08]\n",
      " [  3.05924854e+09   6.98549850e+07   7.52369766e+07   5.26036025e+07\n",
      "    9.47052037e+07   8.29194466e+07   5.27386294e+07   6.82398718e+07\n",
      "    2.23477154e+10   8.11595373e+08   3.26720945e+07  -1.57952309e-06\n",
      "    3.44782091e+08   3.52209370e+11   2.84857173e+08]\n",
      " [  1.75780422e+09   6.97337072e+08   6.39280290e+08   6.15971250e+08\n",
      "    4.44900440e+08   6.52449676e+08   5.41345645e+08   3.17598100e+08\n",
      "    1.78093471e+10   4.08725584e+08   5.72198679e+08   3.44782091e+08\n",
      "    1.45435333e-05   3.34532349e+11   4.01720510e+08]\n",
      " [  2.95224032e+11   3.58791977e+11   3.57199443e+11   3.57136047e+11\n",
      "    3.50504260e+11   3.57309535e+11   3.54833602e+11   3.46240057e+11\n",
      "    2.17669041e+11   3.25702252e+11   3.57023136e+11   3.52209370e+11\n",
      "    3.34532349e+11  -7.44628906e-03   3.43251400e+11]\n",
      " [  2.36106351e+09   4.22592230e+08   3.34978408e+08   3.06004152e+08\n",
      "    8.14576451e+07   3.54146138e+08   2.05875835e+08   1.49997987e+08\n",
      "    1.96549761e+10   3.27212851e+08   3.69462942e+08   2.84857173e+08\n",
      "    4.01720510e+08   3.43251400e+11  -2.02655792e-06]] \n",
      "\n",
      "Intra cluster average distance to center\n",
      " [  45273.11051555    2057.34379743     975.45405082    2584.07347929\n",
      "    5845.38032273    1355.00490472    4144.76254809   10029.22337992\n",
      "   89036.9394518    19399.0943767     3020.81198624    5568.00895815\n",
      "   17497.75590387  211834.28539285    8869.2332477 ] \n",
      "\n",
      "Intra cluster maximum distance to center\n",
      " [  68613.9712827     3008.96556147    1488.75166798    6500.47132217\n",
      "   12104.77111613    2512.36800855   10800.93705563   24424.82052011\n",
      "  157325.97995436   26048.81312503    8781.22933879    9236.74157548\n",
      "   34163.19885135  246199.8386079    14832.96465744] \n",
      "\n"
     ]
    }
   ],
   "source": [
    "groups, centers, interCluster, intraClusterAvg, intraClusterMax = KMeans(15, data, printInfo=True)"
   ]
  },
  {
   "cell_type": "markdown",
   "metadata": {},
   "source": [
    "# T = 500\n",
    "Nic mi się tutaj nie udało wyłowić"
   ]
  },
  {
   "cell_type": "code",
   "execution_count": 41,
   "metadata": {
    "collapsed": false
   },
   "outputs": [
    {
     "name": "stdout",
     "output_type": "stream",
     "text": [
      "Iterations: 17 \n",
      "\n",
      "Group sizes:\n",
      " [  3  15   5 443  34] \n",
      "\n",
      "Inter cluster distances:\n",
      "[[ -2.80761719e-03   3.52719522e+11   2.17513778e+11   3.52049900e+11\n",
      "    3.20468058e+11]\n",
      " [  3.52719522e+11   5.96046448e-07   2.25038017e+10   9.81723205e+07\n",
      "    1.00861176e+09]\n",
      " [  2.17513778e+11   2.25038017e+10   9.15527344e-05   2.22460291e+10\n",
      "    1.47231632e+10]\n",
      " [  3.52049900e+11   9.81723205e+07   2.22460291e+10  -1.49011612e-07\n",
      "    8.82292734e+08]\n",
      " [  3.20468058e+11   1.00861176e+09   1.47231632e+10   8.82292734e+08\n",
      "   -7.15255737e-06]] \n",
      "\n",
      "Intra cluster average distance to center\n",
      " [ 211705.11722792    2474.32880326   88787.36930363    6543.20831978\n",
      "   28148.26600687] \n",
      "\n",
      "Intra cluster maximum distance to center\n",
      " [ 245981.60172889    4908.10368721  157254.07679319   27394.56553453\n",
      "   83246.78336533] \n",
      "\n"
     ]
    }
   ],
   "source": [
    "groups, centers, interCluster, intraClusterAvg, intraClusterMax = KMeans(5, data[:500,:500], printInfo=True)"
   ]
  },
  {
   "cell_type": "code",
   "execution_count": 42,
   "metadata": {
    "collapsed": false
   },
   "outputs": [
    {
     "name": "stdout",
     "output_type": "stream",
     "text": [
      "Iterations: 36 \n",
      "\n",
      "Group sizes:\n",
      " [  7   5 111  14 325  13   3  20   1   1] \n",
      "\n",
      "Inter cluster distances:\n",
      "[[ -2.86102295e-06   1.07024319e+10   2.65919192e+09   1.79810560e+09\n",
      "    3.25094551e+09   3.23772500e+09   2.94761798e+11   1.29958553e+09\n",
      "    3.35563615e+09   3.40743364e+09]\n",
      " [  1.07024319e+10   9.15527344e-05   2.08526819e+10   1.79632257e+10\n",
      "    2.27921821e+10   2.25390167e+10   2.17513778e+11   1.59934738e+10\n",
      "    2.31910242e+10   2.33408982e+10]\n",
      " [  2.65919192e+09   2.08526819e+10  -2.98023224e-07   3.27384813e+08\n",
      "    7.00078013e+07   1.00723451e+08   3.47220213e+11   3.93649683e+08\n",
      "    1.68267977e+08   1.77041818e+08]\n",
      " [  1.79810560e+09   1.79632257e+10   3.27384813e+08  -2.38418579e-07\n",
      "    4.38831334e+08   4.79211782e+08   3.34948849e+11   3.68776910e+08\n",
      "    5.12147100e+08   5.29479869e+08]\n",
      " [  3.25094551e+09   2.27921821e+10   7.00078013e+07   4.38831334e+08\n",
      "    2.98023224e-08   5.88235783e+07   3.53909411e+11   7.32442211e+08\n",
      "    5.28447302e+07   5.34262055e+07]\n",
      " [  3.23772500e+09   2.25390167e+10   1.00723451e+08   4.79211782e+08\n",
      "    5.88235783e+07  -1.19209290e-07   3.53248418e+11   7.29596251e+08\n",
      "    1.24650105e+08   1.25188773e+08]\n",
      " [  2.94761798e+11   2.17513778e+11   3.47220213e+11   3.34948849e+11\n",
      "    3.53909411e+11   3.53248418e+11  -4.63867188e-03   3.27217443e+11\n",
      "    3.53946207e+11   3.54451175e+11]\n",
      " [  1.29958553e+09   1.59934738e+10   3.93649683e+08   3.68776910e+08\n",
      "    7.32442211e+08   7.29596251e+08   3.27217443e+11   3.33786011e-06\n",
      "    8.82705281e+08   9.12916356e+08]\n",
      " [  3.35563615e+09   2.31910242e+10   1.68267977e+08   5.12147100e+08\n",
      "    5.28447302e+07   1.24650105e+08   3.53946207e+11   8.82705281e+08\n",
      "    0.00000000e+00   7.23592110e+07]\n",
      " [  3.40743364e+09   2.33408982e+10   1.77041818e+08   5.29479869e+08\n",
      "    5.34262055e+07   1.25188773e+08   3.54451175e+11   9.12916356e+08\n",
      "    7.23592110e+07   0.00000000e+00]] \n",
      "\n",
      "Intra cluster average distance to center\n",
      " [  45206.15699056   88787.36930363    7858.59462032   17761.92177867\n",
      "    4780.22076504    2451.98782567  211705.11722792   18503.38391719\n",
      "       0.               0.        ] \n",
      "\n",
      "Intra cluster maximum distance to center\n",
      " [  68569.04833443  157254.07679319   21720.24737164   33877.96126743\n",
      "   13731.62637483   10055.82258662  245981.60172889   26812.35585145\n",
      "       0.               0.        ] \n",
      "\n"
     ]
    }
   ],
   "source": [
    "groups, centers, interCluster, intraClusterAvg, intraClusterMax = KMeans(10, data[:500,:500], printInfo=True)"
   ]
  },
  {
   "cell_type": "code",
   "execution_count": 44,
   "metadata": {
    "collapsed": false
   },
   "outputs": [
    {
     "name": "stdout",
     "output_type": "stream",
     "text": [
      "Iterations: 29 \n",
      "\n",
      "Group sizes:\n",
      " [ 14   5   5  15  16  10  77  91  34  34   3   1 179   1  15] \n",
      "\n",
      "Inter cluster distances:\n",
      "[[ -1.43051147e-06   1.53784147e+10   1.12586937e+09   3.99995172e+08\n",
      "    8.55539505e+08   3.91498707e+08   6.43217537e+08   9.86884312e+08\n",
      "    3.57627728e+08   7.08713233e+08   3.24238955e+11   7.64680252e+09\n",
      "    8.90347365e+08   1.07592679e+09   8.97450226e+08]\n",
      " [  1.53784147e+10   9.15527344e-05   1.09160361e+10   1.95545093e+10\n",
      "    2.26419818e+10   1.63194219e+10   2.15527129e+10   2.31049927e+10\n",
      "    1.95228596e+10   2.17855016e+10   2.17513778e+11   1.52751444e+10\n",
      "    2.28315115e+10   2.33408982e+10   2.25038017e+10]\n",
      " [  1.12586937e+09   1.09160361e+10  -1.90734863e-06   2.13288848e+09\n",
      "    3.17620188e+09   1.52424388e+09   2.87505065e+09   3.34241940e+09\n",
      "    2.32140356e+09   2.84667486e+09   2.96148038e+11   6.40525171e+09\n",
      "    3.27539395e+09   3.41727054e+09   3.21747675e+09]\n",
      " [  3.99995172e+08   1.95545093e+10   2.13288848e+09  -1.66893005e-06\n",
      "    1.50486394e+08   3.18816991e+08   1.14175980e+08   1.75096213e+08\n",
      "    1.38980118e+08   8.07751779e+07   3.40821480e+11   8.69850716e+09\n",
      "    1.68270899e+08   2.34380598e+08   2.31786114e+08]\n",
      " [  8.55539505e+08   2.26419818e+10   3.17620188e+09   1.50486394e+08\n",
      "    0.00000000e+00   7.75739007e+08   3.62765634e+07   2.37342562e+07\n",
      "    1.98751136e+08   2.65548994e+07   3.53340914e+11   9.97151093e+09\n",
      "    1.01097307e+07   7.04832596e+07   1.01336164e+08]\n",
      " [  3.91498707e+08   1.63194219e+10   1.52424388e+09   3.18816991e+08\n",
      "    7.75739007e+08  -9.53674316e-07   6.60829592e+08   7.90294727e+08\n",
      "    5.28659701e+08   6.10755758e+08   3.28177010e+11   7.87220340e+09\n",
      "    8.07651955e+08   8.93948102e+08   8.36209919e+08]\n",
      " [  6.43217537e+08   2.15527129e+10   2.87505065e+09   1.14175980e+08\n",
      "    3.62765634e+07   6.60829592e+08  -4.17232513e-07   7.78643070e+07\n",
      "    7.68648868e+07   4.18306239e+07   3.49877194e+11   9.65654156e+09\n",
      "    3.00061552e+07   1.33809803e+08   1.14915631e+08]\n",
      " [  9.86884312e+08   2.31049927e+10   3.34241940e+09   1.75096213e+08\n",
      "    2.37342562e+07   7.90294727e+08   7.78643070e+07   0.00000000e+00\n",
      "    2.92171789e+08   2.61669309e+07   3.54747802e+11   1.00880036e+10\n",
      "    1.72114951e+07   4.27514329e+07   1.21016154e+08]\n",
      " [  3.57627728e+08   1.95228596e+10   2.32140356e+09   1.38980118e+08\n",
      "    1.98751136e+08   5.28659701e+08   7.68648868e+07   2.92171789e+08\n",
      "    1.19209290e-06   1.80921245e+08   3.42661315e+11   9.07803592e+09\n",
      "    1.98384009e+08   3.64135389e+08   2.59591489e+08]\n",
      " [  7.08713233e+08   2.17855016e+10   2.84667486e+09   8.07751779e+07\n",
      "    2.65548994e+07   6.10755758e+08   4.18306239e+07   2.61669309e+07\n",
      "    1.80921245e+08  -2.98023224e-08   3.49670712e+11   9.55317355e+09\n",
      "    2.72088072e+07   7.35449562e+07   1.15284959e+08]\n",
      " [  3.24238955e+11   2.17513778e+11   2.96148038e+11   3.40821480e+11\n",
      "    3.53340914e+11   3.28177010e+11   3.49877194e+11   3.54747802e+11\n",
      "    3.42661315e+11   3.49670712e+11  -2.80761719e-03   2.84304195e+11\n",
      "    3.54250760e+11   3.54451175e+11   3.52719522e+11]\n",
      " [  7.64680252e+09   1.52751444e+10   6.40525171e+09   8.69850716e+09\n",
      "    9.97151093e+09   7.87220340e+09   9.65654156e+09   1.00880036e+10\n",
      "    9.07803592e+09   9.55317355e+09   2.84304195e+11   0.00000000e+00\n",
      "    1.00664071e+10   1.00384638e+10   9.99771430e+09]\n",
      " [  8.90347365e+08   2.28315115e+10   3.27539395e+09   1.68270899e+08\n",
      "    1.01097307e+07   8.07651955e+08   3.00061552e+07   1.72114951e+07\n",
      "    1.98384009e+08   2.72088072e+07   3.54250760e+11   1.00664071e+10\n",
      "    1.19209290e-07   6.26435305e+07   1.00754068e+08]\n",
      " [  1.07592679e+09   2.33408982e+10   3.41727054e+09   2.34380598e+08\n",
      "    7.04832596e+07   8.93948102e+08   1.33809803e+08   4.27514329e+07\n",
      "    3.64135389e+08   7.35449562e+07   3.54451175e+11   1.00384638e+10\n",
      "    6.26435305e+07   0.00000000e+00   1.68952598e+08]\n",
      " [  8.97450226e+08   2.25038017e+10   3.21747675e+09   2.31786114e+08\n",
      "    1.01336164e+08   8.36209919e+08   1.14915631e+08   1.21016154e+08\n",
      "    2.59591489e+08   1.15284959e+08   3.52719522e+11   9.99771430e+09\n",
      "    1.00754068e+08   1.68952598e+08   5.96046448e-07]] \n",
      "\n",
      "Intra cluster average distance to center\n",
      " [  19409.05613055   88787.36930363   40531.71536986   13386.419094\n",
      "    3532.20258233   20637.26606219    5459.17076491    4378.28341409\n",
      "    8776.82411566    7128.90847524  211705.11722792       0.\n",
      "    3683.7777466        0.            2474.32880326] \n",
      "\n",
      "Intra cluster maximum distance to center\n",
      " [  25629.28819341  157254.07679319   54297.77697144   23378.61009622\n",
      "    6388.89389054   35105.45098272    8316.08699691    8212.9468821\n",
      "   14466.65008144   12787.04148068  245981.60172889       0.\n",
      "    8491.05286038       0.            4908.10368721] \n",
      "\n"
     ]
    }
   ],
   "source": [
    "groups, centers, interCluster, intraClusterAvg, intraClusterMax = KMeans(15, data[:500,:500], printInfo=True)"
   ]
  },
  {
   "cell_type": "markdown",
   "metadata": {},
   "source": [
    "# T = 200\n",
    "Wyłania się kolejna grupa - 7"
   ]
  },
  {
   "cell_type": "code",
   "execution_count": 45,
   "metadata": {
    "collapsed": false
   },
   "outputs": [
    {
     "name": "stdout",
     "output_type": "stream",
     "text": [
      "Iterations: 12 \n",
      "\n",
      "Group sizes:\n",
      " [158   5  27   3   7] \n",
      "\n",
      "Inter cluster distances:\n",
      "[[  0.00000000e+00   2.08129417e+10   3.89027420e+08   3.46749969e+11\n",
      "    2.68538555e+09]\n",
      " [  2.08129417e+10   0.00000000e+00   1.58323774e+10   2.17229513e+11\n",
      "    1.05005274e+10]\n",
      " [  3.89027420e+08   1.58323774e+10   2.38418579e-07   3.26476844e+11\n",
      "    1.26304739e+09]\n",
      " [  3.46749969e+11   2.17229513e+11   3.26476844e+11  -1.22070312e-04\n",
      "    2.93836590e+11]\n",
      " [  2.68538555e+09   1.05005274e+10   1.26304739e+09   2.93836590e+11\n",
      "   -4.76837158e-06]] \n",
      "\n",
      "Intra cluster average distance to center\n",
      " [   8487.12092134   88363.60487011   20035.68864784  211433.44144097\n",
      "   45083.13950544] \n",
      "\n",
      "Intra cluster maximum distance to center\n",
      " [  26149.92830192  157112.22917914   34386.98405263  245495.63034672\n",
      "   68486.976009  ] \n",
      "\n"
     ]
    }
   ],
   "source": [
    "groups, centers, interCluster, intraClusterAvg, intraClusterMax = KMeans(5, data[:200,:200], printInfo=True)"
   ]
  },
  {
   "cell_type": "code",
   "execution_count": 48,
   "metadata": {
    "collapsed": false
   },
   "outputs": [
    {
     "name": "stdout",
     "output_type": "stream",
     "text": [
      "Iterations: 19 \n",
      "\n",
      "Group sizes:\n",
      " [46 68  5 33 10  7  3  8 17  3] \n",
      "\n",
      "Inter cluster distances:\n",
      "[[  2.98023224e-08   3.32139945e+07   2.13111961e+10   1.42855793e+08\n",
      "    3.50779067e+08   2.79789089e+09   3.48164597e+11   3.76745772e+07\n",
      "    5.91743232e+08   4.23817811e+08]\n",
      " [  3.32139945e+07   5.96046448e-08   2.10575345e+10   6.16270819e+07\n",
      "    4.11743738e+08   2.79986561e+09   3.47909624e+11   8.22649942e+07\n",
      "    5.34343773e+08   4.62953995e+08]\n",
      " [  2.13111961e+10   2.10575345e+10   0.00000000e+00   1.92316593e+10\n",
      "    1.76363406e+10   1.05005274e+10   2.17229513e+11   2.25919955e+10\n",
      "    1.54448170e+10   1.86608738e+10]\n",
      " [  1.42855793e+08   6.16270819e+07   1.92316593e+10   0.00000000e+00\n",
      "    3.65232897e+08   2.28993945e+09   3.41286895e+11   2.59326385e+08\n",
      "    3.01208583e+08   4.52710538e+08]\n",
      " [  3.50779067e+08   4.11743738e+08   1.76363406e+10   3.65232897e+08\n",
      "    1.43051147e-06   1.88461320e+09   3.34665123e+11   5.33359879e+08\n",
      "    4.19627431e+08   5.34150677e+08]\n",
      " [  2.79789089e+09   2.79986561e+09   1.05005274e+10   2.28993945e+09\n",
      "    1.88461320e+09  -4.76837158e-06   2.93836590e+11   3.22155462e+09\n",
      "    1.16600120e+09   1.96259392e+09]\n",
      " [  3.48164597e+11   3.47909624e+11   2.17229513e+11   3.41286895e+11\n",
      "    3.34665123e+11   2.93836590e+11  -2.31933594e-03   3.51843389e+11\n",
      "    3.24293397e+11   3.32562472e+11]\n",
      " [  3.76745772e+07   8.22649942e+07   2.25919955e+10   2.59326385e+08\n",
      "    5.33359879e+08   3.22155462e+09   3.51843389e+11   0.00000000e+00\n",
      "    8.46100239e+08   4.97105396e+08]\n",
      " [  5.91743232e+08   5.34343773e+08   1.54448170e+10   3.01208583e+08\n",
      "    4.19627431e+08   1.16600120e+09   3.24293397e+11   8.46100239e+08\n",
      "   -4.76837158e-07   5.46073827e+08]\n",
      " [  4.23817811e+08   4.62953995e+08   1.86608738e+10   4.52710538e+08\n",
      "    5.34150677e+08   1.96259392e+09   3.32562472e+11   4.97105396e+08\n",
      "    5.46073827e+08   0.00000000e+00]] \n",
      "\n",
      "Intra cluster average distance to center\n",
      " [   7323.50642623    5751.55732067   88363.60487011    8843.49064574\n",
      "   14235.50240492   45083.13950544  211433.44144097    6702.01279388\n",
      "   19131.65477952   20646.43001767] \n",
      "\n",
      "Intra cluster maximum distance to center\n",
      " [  13850.17942777   10423.69410641  157112.22917914   14139.80459791\n",
      "   22502.31947889   68486.976009    245495.63034672   11566.29258341\n",
      "   25807.2464401    23988.52504613] \n",
      "\n"
     ]
    }
   ],
   "source": [
    "groups, centers, interCluster, intraClusterAvg, intraClusterMax = KMeans(10, data[:200,:200], printInfo=True)"
   ]
  },
  {
   "cell_type": "code",
   "execution_count": 47,
   "metadata": {
    "collapsed": false
   },
   "outputs": [
    {
     "name": "stdout",
     "output_type": "stream",
     "text": [
      "Iterations: 15 \n",
      "\n",
      "Group sizes:\n",
      " [14  5  3 53 19  6  5  4 10 29  7  8 29  2  6] \n",
      "\n",
      "Inter cluster distances:\n",
      "[[  5.96046448e-08   1.11906703e+08   3.47827458e+11   9.45048502e+07\n",
      "    7.77818842e+07   3.39221276e+08   2.10713809e+10   1.34735920e+08\n",
      "    6.57380221e+08   1.87683983e+08   2.79793842e+09   7.11820161e+08\n",
      "    6.13071899e+07   3.88861839e+08   3.93687985e+08]\n",
      " [  1.11906703e+08   0.00000000e+00   3.47470990e+11   1.84927469e+07\n",
      "    3.98173515e+07   2.60417284e+08   2.09702358e+10   1.04122309e+08\n",
      "    4.65068743e+08   5.59474955e+07   2.77914268e+09   6.54321362e+08\n",
      "    6.15060049e+07   3.92269450e+08   6.32525007e+08]\n",
      " [  3.47827458e+11   3.47470990e+11  -1.22070312e-04   3.48482229e+11\n",
      "    3.44925325e+11   3.32840754e+11   2.17229513e+11   3.42726074e+11\n",
      "    3.27737788e+11   3.42970971e+11   2.93836590e+11   3.21614074e+11\n",
      "    3.50198961e+11   3.36455941e+11   3.31105664e+11]\n",
      " [  9.45048502e+07   1.84927469e+07   3.48482229e+11  -5.96046448e-08\n",
      "    2.66906547e+07   2.69692368e+08   2.12010810e+10   9.25842445e+07\n",
      "    4.82295284e+08   4.74841209e+07   2.84967101e+09   6.82973387e+08\n",
      "    4.17345003e+07   3.92351707e+08   6.41260160e+08]\n",
      " [  7.77818842e+07   3.98173515e+07   3.44925325e+11   2.66906547e+07\n",
      "    0.00000000e+00   1.92785390e+08   2.04681449e+10   6.08220104e+07\n",
      "    4.22691680e+08   6.62715729e+07   2.52403667e+09   5.21538556e+08\n",
      "    4.26771926e+07   3.22370468e+08   5.25492760e+08]\n",
      " [  3.39221276e+08   2.60417284e+08   3.32840754e+11   2.69692368e+08\n",
      "    1.92785390e+08   0.00000000e+00   1.73554318e+10   2.02145985e+08\n",
      "    1.43442765e+08   1.63452020e+08   1.65901632e+09   2.12105553e+08\n",
      "    3.65278713e+08   4.22197557e+08   4.03639380e+08]\n",
      " [  2.10713809e+10   2.09702358e+10   2.17229513e+11   2.12010810e+10\n",
      "    2.04681449e+10   1.73554318e+10   0.00000000e+00   1.99781273e+10\n",
      "    1.59269614e+10   1.96440266e+10   1.05005274e+10   1.52795783e+10\n",
      "    2.19681790e+10   1.94217179e+10   1.67982773e+10]\n",
      " [  1.34735920e+08   1.04122309e+08   3.42726074e+11   9.25842445e+07\n",
      "    6.08220104e+07   2.02145985e+08   1.99781273e+10   0.00000000e+00\n",
      "    4.19961983e+08   1.16489962e+08   2.34058861e+09   4.91318002e+08\n",
      "    1.10510401e+08   3.43594833e+08   5.20401548e+08]\n",
      " [  6.57380221e+08   4.65068743e+08   3.27737788e+11   4.82295284e+08\n",
      "    4.22691680e+08   1.43442765e+08   1.59269614e+10   4.19961983e+08\n",
      "   -4.76837158e-07   2.54834872e+08   1.45920749e+09   2.33907739e+08\n",
      "    6.90942616e+08   6.64906130e+08   5.74552051e+08]\n",
      " [  1.87683983e+08   5.59474955e+07   3.42970971e+11   4.74841209e+07\n",
      "    6.62715729e+07   1.63452020e+08   1.96440266e+10   1.16489962e+08\n",
      "    2.54834872e+08   1.19209290e-07   2.42267589e+09   4.99321631e+08\n",
      "    1.56870848e+08   4.12301032e+08   5.65125688e+08]\n",
      " [  2.79793842e+09   2.77914268e+09   2.93836590e+11   2.84967101e+09\n",
      "    2.52403667e+09   1.65901632e+09   1.05005274e+10   2.34058861e+09\n",
      "    1.45920749e+09   2.42267589e+09   0.00000000e+00   1.04282868e+09\n",
      "    3.01069750e+09   2.20829841e+09   1.75391330e+09]\n",
      " [  7.11820161e+08   6.54321362e+08   3.21614074e+11   6.82973387e+08\n",
      "    5.21538556e+08   2.12105553e+08   1.52795783e+10   4.91318002e+08\n",
      "    2.33907739e+08   4.99321631e+08   1.04282868e+09   0.00000000e+00\n",
      "    7.74459469e+08   5.96365219e+08   4.86647991e+08]\n",
      " [  6.13071899e+07   6.15060049e+07   3.50198961e+11   4.17345003e+07\n",
      "    4.26771926e+07   3.65278713e+08   2.19681790e+10   1.10510401e+08\n",
      "    6.90942616e+08   1.56870848e+08   3.01069750e+09   7.74459469e+08\n",
      "    1.49011612e-08   3.69604518e+08   6.74808618e+08]\n",
      " [  3.88861839e+08   3.92269450e+08   3.36455941e+11   3.92351707e+08\n",
      "    3.22370468e+08   4.22197557e+08   1.94217179e+10   3.43594833e+08\n",
      "    6.64906130e+08   4.12301032e+08   2.20829841e+09   5.96365219e+08\n",
      "    3.69604518e+08   0.00000000e+00   6.85324426e+08]\n",
      " [  3.93687985e+08   6.32525007e+08   3.31105664e+11   6.41260160e+08\n",
      "    5.25492760e+08   4.03639380e+08   1.67982773e+10   5.20401548e+08\n",
      "    5.74552051e+08   5.65125688e+08   1.75391330e+09   4.86647991e+08\n",
      "    6.74808618e+08   6.85324426e+08   0.00000000e+00]] \n",
      "\n",
      "Intra cluster average distance to center\n",
      " [   7062.5716129     4611.46088363  211433.44144097    5254.15322138\n",
      "    8085.00575189   13357.96137022   88363.60487011    7069.41131214\n",
      "   15271.73704921    7467.41828089   45083.13950544   22151.19379354\n",
      "    6479.61569731   14712.07824374   14352.70766455] \n",
      "\n",
      "Intra cluster maximum distance to center\n",
      " [  11853.58195756    5963.90528094  245495.63034672    7046.70032964\n",
      "   12145.11422895   14853.68945189  157112.22917914    9426.46891405\n",
      "   21498.45256152   10333.15678635   68486.976009     31681.91376499\n",
      "   12448.39457064   14712.07824374   19643.70953314] \n",
      "\n"
     ]
    }
   ],
   "source": [
    "groups, centers, interCluster, intraClusterAvg, intraClusterMax = KMeans(15, data[:200,:200], printInfo=True)"
   ]
  },
  {
   "cell_type": "code",
   "execution_count": null,
   "metadata": {
    "collapsed": true
   },
   "outputs": [],
   "source": []
  }
 ],
 "metadata": {
  "anaconda-cloud": {},
  "kernelspec": {
   "display_name": "Python [default]",
   "language": "python",
   "name": "python3"
  },
  "language_info": {
   "codemirror_mode": {
    "name": "ipython",
    "version": 3
   },
   "file_extension": ".py",
   "mimetype": "text/x-python",
   "name": "python",
   "nbconvert_exporter": "python",
   "pygments_lexer": "ipython3",
   "version": "3.5.2"
  }
 },
 "nbformat": 4,
 "nbformat_minor": 1
}
